          weight_2019 pitax_2019 total_gross_income_2019 weight_ref_2019 pitax_ref_2019 total_gross_income_ref_2019 weight_ref_2020 pitax_ref_2020 total_gross_income_ref_2020 weight_ref_2021 pitax_ref_2021 total_gross_income_ref_2021 weight_ref_2022 pitax_ref_2022 total_gross_income_ref_2022 weight_ref_2023 pitax_ref_2023 total_gross_income_ref_2023 weight_ref_2024 pitax_ref_2024 total_gross_income_ref_2024 weight_ref_2025 pitax_ref_2025 total_gross_income_ref_2025 weight_ref_2026 pitax_ref_2026 total_gross_income_ref_2026 weight_ref_2027 pitax_ref_2027 total_gross_income_ref_2027
<0                0.0          0                       0             0.0              0                           0             0.0              0                           0             0.0              0                           0             0.0              0                           0             0.0              0                           0             0.0              0                           0             0.0              0                           0             0.0              0                           0             0.0              0                           0
=0             1272.0          0                       0          1272.0              0                           0          1272.0              0                           0          1272.0              0                           0          1272.0              0                           0          1272.0              0                           0          1272.0              0                           0          1272.0              0                           0          1272.0              0                           0          1272.0              0                           0
0-0.05 m    1562974.0     17,617                 193,938       1562974.0         20,870                     193,938       1570314.0         19,162                     183,899       1547904.0         24,087                     212,035       1536974.0         26,185                     223,319       1524184.0         28,355                     234,539       1515254.0         29,783                     241,695       1505964.0         31,285                     249,021       1495354.0         32,772                     256,037       1484484.0         34,357                     263,273
0.05-0.1m     49280.0      4,401                  33,574         49280.0          7,394                      33,574         44930.0          6,726                      30,569         58710.0          8,850                      40,094         65900.0          9,968                      45,098         73890.0         11,128                      50,358         79660.0         11,984                      54,212         85520.0         12,872                      58,170         92350.0         13,862                      62,642         99370.0         14,922                      67,398
0.1-0.15m     12630.0      1,950                  15,252         12630.0          3,698                      15,252         11180.0          3,279                      13,526         15030.0          4,398                      18,140         16700.0          4,918                      20,246         19060.0          5,603                      23,056         20520.0          6,032                      24,828         21890.0          6,420                      26,415         23610.0          6,911                      28,444         25290.0          7,409                      30,475
0.15-0.2m      5340.0      1,116                   9,194          5340.0          2,302                       9,194          4820.0          2,079                       8,292          6470.0          2,786                      11,113          7040.0          3,042                      12,121          7920.0          3,428                      13,660          8440.0          3,657                      14,546          9150.0          3,936                      15,675         10030.0          4,327                      17,205         10870.0          4,696                      18,668
0.2-0.3m       4470.0      1,288                  10,801          4470.0          2,778                      10,801          4010.0          2,492                       9,699          5500.0          3,423                      13,305          6210.0          3,857                      15,011          6730.0          4,158                      16,201          7410.0          4,593                      17,889          8100.0          5,010                      19,522          8480.0          5,250                      20,458          9130.0          5,678                      22,123
0.3-0.4m       2080.0        796                   7,159          2080.0          1,857                       7,159          1850.0          1,634                       6,305          2370.0          2,134                       8,213          2490.0          2,230                       8,554          2980.0          2,667                      10,201          3150.0          2,851                      10,889          3290.0          2,973                      11,333          3680.0          3,323                      12,674          3820.0          3,452                      13,178
0.4-0.5m        880.0        427                   3,892           880.0          1,023                       3,892           800.0            939                       3,560          1250.0          1,449                       5,536          1570.0          1,817                       6,945          1750.0          2,059                       7,860          1640.0          1,923                       7,356          1840.0          2,148                       8,217          1810.0          2,114                       8,052          2020.0          2,364                       8,984
0.5-1m         1470.0      1,055                   9,901          1470.0          2,632                       9,901          1310.0          2,355                       8,879          1770.0          3,237                      12,164          2000.0          3,641                      13,710          2250.0          4,107                      15,460          2560.0          4,556                      17,160          2740.0          4,828                      18,213          3100.0          5,446                      20,566          3300.0          5,815                      21,950
>1m             810.0      1,735                  23,483           810.0          6,111                      23,483           720.0          5,448                      20,961           930.0          7,284                      27,942          1050.0          8,206                      31,423          1170.0          9,202                      35,206          1300.0         10,020                      38,294          1440.0         10,913                      41,646          1520.0         11,680                      44,543          1650.0         12,618                      48,104
ALL         1641206.0     30,386                 307,195       1641206.0         48,665                     307,195       1641206.0         44,114                     285,691       1641206.0         57,648                     348,543       1641206.0         63,864                     376,426       1641206.0         70,708                     406,541       1641206.0         75,400                     426,868       1641206.0         80,386                     448,211       1641206.0         85,684                     470,621       1641206.0         91,313                     494,153

