        weight_2019 pitax_2019 total_gross_income_2019 weight_ref_2019 pitax_ref_2019 total_gross_income_ref_2019 weight_ref_2020 pitax_ref_2020 total_gross_income_ref_2020 weight_ref_2021 pitax_ref_2021 total_gross_income_ref_2021 weight_ref_2022 pitax_ref_2022 total_gross_income_ref_2022 weight_ref_2023 pitax_ref_2023 total_gross_income_ref_2023 weight_ref_2024 pitax_ref_2024 total_gross_income_ref_2024 weight_ref_2025 pitax_ref_2025 total_gross_income_ref_2025 weight_ref_2026 pitax_ref_2026 total_gross_income_ref_2026 weight_ref_2027 pitax_ref_2027 total_gross_income_ref_2027
 0-10n          -99          0                       0             -99              0                           0             -99              0                           0             -99              0                           0             -99              0                           0             -99              0                           0             -99              0                           0             -99              0                           0             -99              0                           0             -99              0                           0
 0-10z          -99          0                       0             -99              0                           0             -99              0                           0             -99              0                           0             -99              0                           0             -99              0                           0             -99              0                           0             -99              0                           0             -99              0                           0             -99              0                           0
 0-10p      164,111         76                  15,725         164,111             97                      15,725         164,111             82                      14,624         164,111            149                      17,842         164,111            198                      19,269         164,111            261                      20,811         164,111            308                      21,851         164,111            360                      22,944         164,111            417                      24,091         164,111            481                      25,295
 10-20      164,130      1,269                  46,562         164,130          1,324                      46,562         164,130          1,041                      43,302         164,130          1,962                      52,829         164,130          2,438                      57,055         164,130          2,985                      61,620         164,130          3,368                      64,701         164,130          3,780                      67,936         164,130          4,222                      71,332         164,130          4,691                      74,899
 20-30      164,116      3,584                  68,099         164,116          3,743                      68,099         164,116          3,114                      63,332         164,116          4,965                      77,265         164,116          5,790                      83,447         164,116          6,681                      90,122         164,116          7,283                      94,629         164,116          7,915                      99,360         164,116          8,582                     104,328         164,116          9,304                     109,544
 30-40      164,122      5,540                  84,188         164,122          5,820                      84,188         164,122          5,038                      78,295         164,122          7,324                      95,520         164,122          8,338                     103,161         164,122          9,449                     111,414         164,122         10,236                     116,985         164,122         11,105                     122,834         164,122         12,060                     128,976         164,122         13,085                     135,424
 40-50      164,122      7,362                  99,778         164,122          7,759                      99,778         164,122          6,840                      92,794         164,122          9,545                     113,208         164,122         10,836                     122,265         164,122         12,338                     132,046         164,122         13,383                     138,648         164,122         14,487                     145,581         164,122         15,649                     152,860         164,122         16,870                     160,503
 50-60      164,118      9,410                 117,257         164,118          9,988                     117,257         164,118          8,877                     109,049         164,118         12,342                     133,039         164,118         14,018                     143,683         164,118         15,840                     155,177         164,118         17,070                     162,936         164,118         18,370                     171,083         164,118         19,763                     179,637         164,118         21,282                     188,619
 60-70      164,121     12,321                 139,582         164,121         13,258                     139,582         164,121         11,743                     129,811         164,121         16,220                     158,370         164,121         18,228                     171,039         164,121         20,468                     184,722         164,121         22,054                     193,958         164,121         23,787                     203,656         164,121         25,701                     213,839         164,121         27,867                     224,531
 70-80      164,121     16,668                 172,492         164,121         18,349                     172,492         164,121         16,430                     160,417         164,121         22,236                     195,709         164,121         25,097                     211,366         164,121         28,567                     228,275         164,121         31,175                     239,689         164,121         34,133                     251,674         164,121         37,438                     264,257         164,121         41,042                     277,470
 80-90      164,115     25,740                 237,427         164,115         30,775                     237,427         164,115         27,111                     220,807         164,115         38,630                     269,385         164,115         44,394                     290,936         164,115         50,793                     314,210         164,115         55,127                     329,921         164,115         59,678                     346,417         164,115         64,458                     363,738         164,115         69,476                     381,925
 90-100     164,130    103,166                 890,609         164,130        205,393                     890,609         164,130        188,503                     828,266         164,130        237,874                   1,010,485         164,130        259,777                   1,091,323         164,130        283,434                   1,178,629         164,130        299,402                   1,237,561         164,130        316,169                   1,299,439         164,130        333,774                   1,364,411         164,130        352,260                   1,432,631
 ALL      1,641,206     18,514                 187,176       1,641,206         29,652                     187,176       1,641,206         26,879                     174,074       1,641,206         35,126                     212,370       1,641,206         38,913                     229,360       1,641,206         43,083                     247,708       1,641,206         45,942                     260,094       1,641,206         48,980                     273,099       1,641,206         52,208                     286,753       1,641,206         55,638                     301,091
 90-95       82,060     46,817                 370,766          82,060         66,022                     370,766          82,060         58,887                     344,812          82,060         79,743                     420,671          82,060         88,996                     454,325          82,060         98,990                     490,671          82,060        105,736                     515,204          82,060        112,819                     540,964          82,060        120,257                     568,013          82,060        128,067                     596,413
 95-99       65,650     97,927                 751,335          65,650        169,064                     751,335          65,650        154,717                     698,742          65,650        196,655                     852,465          65,650        215,261                     920,662          65,650        235,356                     994,315          65,650        248,920                   1,044,031          65,650        263,163                   1,096,233          65,650        278,118                   1,151,044          65,650        293,821                   1,208,596
 Top 1%      16,420    405,717               4,045,394          16,420      1,047,161                   4,045,394          16,420        971,347                   3,762,217          16,420      1,192,944                   4,589,904          16,420      1,291,254                   4,957,097          16,420      1,397,428                   5,353,665          16,420      1,469,096                   5,621,348          16,420      1,544,348                   5,902,415          16,420      1,623,362                   6,197,536          16,420      1,706,329                   6,507,413

